130378
130380
130395
130396
130397
130404
130416
130418
130420
130422
130436
130442
130457
130465
130475
130489
130495
130502
130504
130517
130522
130523
130525
130527
130533
130537
130540
130545
130550
130553
130555
130558
130559
130562
130566
130569
130570
130571
130576
130577
130579
130585
130599
130603
130607
130609
130611
130621
130627
130642
130643
130651
130658
130662
130670
130688
130703
130705
130713
130717
130723
130730
130739
130743
130744
130761
130767
130771
130781
130786
130793
130796
130797
130802
130807
130811
130818
130826
130829
130832
130836
130845
130847
130861
130864
130875
130880
130881
130882
130884
130890
130893
130899
130908
130922
130923
130924
130926
130930
130943
130944
130947
130952
130968
130972
130974
130978
130981
130983
130986
131000
131006
131010
131012
131013
131046
131051
131059
131065
131073
131076
131077
131083
131095
131100
131108
131117
131120
131121
131126
131129
131130
131131
131137
131153
131156
131157
131177
131180
131183
131187
131193
131194
131195
131197
131202
131203
131205
131209
131242
131245
131251
131254
131263
131268
131284
131290
131302
131307
131310
131315
131318
131331
131333
131340
131341
131342
131350
131352
131368
131369
131387
131392
131397
131403
131414
131419
131423
131431
131447
131450
131459
131476
131479
131483
131491
131495
131499
131501
131520
131523
131528
131540
131541
131546
131548
131551
131554
131557
131565
131569
131583
131592
131597
131600
131602
131610
131615
131617
131629
131630
131631
131664
131672
131694
131699
131700
131701
131707
131713
131718
131725
131729
131733
131739
131745
131746
131756
131760
131789
131799
131804
131805
131808
131812
131822
131824
131831
131837
131841
131844
131851
131855
131875
131876
131883
131890
131891
131892
131901
131902
131903
131912
131913
131928
131938
131951
131967
131972
131976
131988
131991
131997
131998
132000
132001
132030
132031
132037
132038
132046
132056
132065
132073
132075
132087
132088
132097
132098
132099
132101
132107
132109
132112
132118
132122
132124
132125
132126
132137
132147
132149
132150
132159
132169
132181
132182
132186
132188
132189
132197
132198
132201
132214
132219
132226
132231
132235
132239
132251
132258
132267
132271
132272
132278
132283
132286
132288
132289
132291
132296
132297
132303
132310
132311
132315
132318
132325
132331
132341
132350
132353
132358
132361
132363
132366
132373
132375
132378
132380
132393
132407
132421
132425
132434
132438
132439
132445
132446
132451
132458
132459
132468
132469
132472
132477
132481
132486
132493
132510
132513
132522
132523
132524
132525
132539
132546
132547
132548
132549
132550
132558
132564
132566
132571
132573
132583
132585
132586
132612
132617
132625
132631
132633
132639
132641
132652
132655
132663
132666
132667
132672
132684
132692
132693
132696
132721
132730
132739
132740
132745
132756
132757
132761
132762
132770
132782
132787
132788
132793
132804
132811
132815
132820
132825
132827
132832
132835
132837
132850
132868
132869
132870
132877
132881
132885
132895
132899
132904
132916
132924
132926
132928
132929
132937
132938
132941
132945
132956
132959
132964
132972
132977
132983
132992
132994
132996
133010
133015
133023
133028
133031
133033
133042
133044
133077
133078
133093
133101
133104
133109
133125
133130
133135
133139
133143
133156
133159
133160
133161
133170
133171
133177
133191
133192
133193
133209
133215
133218
133221
133233
133246
133250
133263
133265
133266
133270
133279
133287
133291
133293
133298
133300
133302
133314
133317
133320
133322
133325
133340
133342
133344
133346
133348
133350
133357
133374
133380
133388
133389
133393
133399
133414
133421
133430
133453
133457
133465
133472
133478
133480
133482
133484
133487
133491
133504
133511
133513
133517
133524
133526
133529
133531
133533
133536
133539
133545
133550
133558
133570
133575
133582
133584
133596
133597
133600
133603
133613
133615
133628
133637
133641
133650
133659
133664
133676
133686
133688
133690
133694
133700
133718
133725
133732
133733
133741
133743
133762
133764
133766
133773
133786
133791
133796
133802
133811
133827
133831
133835
133838
133843
133846
133858
133861
133865
133878
133882
133883
133930
133932
133933
133943
133945
133946
133951
133957
133958
133960
133984
133998
134012
134013
134019
134021
134029
134044
134045
134050
134052
134055
134057
134064
134068
134082
134084
134090
134091
134096
134109
134114
134137
134144
134145
134146
134148
134154
134161
134166
134181
134187
134193
134198
134203
134204
134209
134210
134212
134217
134221
134227
134231
134237
134238
134247
134249
134250
134262
134265
134273
134283
134303
134309
134312
134316
134323
134327
134330
134337
134341
134342
134369
134382
134383
134388
134389
134399
134403
134405
134406
134411
134414
134427
134431
134432
134452
134457
134467
134470
134472
134477
134478
134487
134496
134497
134502
134505
134510
134516
134519
134531
134545
134551
134559
134562
134563
134570
134581
134583
134584
134603
134607
134613
134615
134624
134627
134630
134633
134658
134660
134676
134677
134685
134704
134711
134712
134727
134729
134730
134737
134743
134744
134748
134788
134804
134805
134817
134827
134834
134836
134839
134850
134856
134858
134874
134876
134878
134908
134917
134922
134926
134928
134929
134932
134946
134955
134961
134967
134971
134972
134976
134978
134980
134985
134988
134990
134992
135000
135001
135014
135021
135022
135026
135040
135042
135043
135051
135053
135060
135077
135090
135098
135100
135103
135111
135121
135126
135129
135134
135140
135144
135148
135152
135155
135158
135173
135176
135183
135191
135197
135199
135204
135207
135209
135213
135219
135223
135227
135232
135236
135239
135241
135248
135260
135266
135281
135287
135292
135299
135302
135321
135325
135336
135339
135348
135350
135351
135353
135358
135366
135372
135375
135381
135385
135391
135396
135397
135399
135405
135414
135428
135441
135446
135450
135453
135459
135460
135466
135475
135476
135477
135485
135499
135504
135505
135512
135517
135521
135533
135536
135537
135541
135542
135545
135560
135561
135565
135566
135569
135570
135573
135588
135589
135597
135603
135608
135610
135615
135628
135631
135634
135640
135650
135661
135663
135665
135668
135669
135682
135691
135701
135706
135709
135712
135715
135716
135719
135723
135728
135731
135738
135740
135741
135742
135743
135747
135761
135772
135776
135782
135787
135790
135804
135807
135821
135822
135834
135842
135853
135855
135865
135867
135872
135873
135877
135888
135891
135900
135902
135909
135911
135914
135929
135943
135946
135956
135957
135960
135962
135977
135980
135988
135992
135993
136000
136002
136005
136025
136035
136040
136046
136047
136052
136053
136057
136060
136072
136073
136075
136084
136091
136092
136093
136094
136107
136114
136118
136119
136127
136136
136152
136182
136187
136189
136204
136216
136222
136232
136233
136240
136243
136249
136250
136252
136265
136274
136276
136278
136285
136289
136301
136310
136318
136321
136325
136326
136339
136354
136355
136361
136383
136385
136387
136389
136398
136405
136408
136415
136421
136434
136444
136445
136448
136466
136477
136478
136487
136490
136492
136496
136508
136510
136523
136525
136527
136528
136539
136546
136556
136562
136572
136579
136588
136591
136596
136603
136605
136607
136609
136621
136628
136634
136641
136642
136647
136650
136652
136655
136657
136663
136668
136677
136682
136691
136709
136713
136720
136723
136728
136730
136735
136748
136754
136776
136778
136783
136785
136791
136801
136809
136810
136812
136827
136828
136831
136837
136838
136859
136865
136868
136870
136883
136898
136908
136910
136911
136914
136917
136922
136925
136928
136931
136938
136939
136942
136943
136950
136953
136956
136973
136980
136987
136988
136994
136997
137006
137007
137008
137009
137013
137017
137026
137029
137031
137037
137039
137043
137051
137055
137056
137061
137067
137073
137078
137081
137088
137100
137106
137112
137113
137116
137125
137126
137128
137136
137138
137145
137153
137157
137164
137184
137186
137195
137203
137208
137212
137214
137220
137224
137239
137248
137251
137255
137273
137281
137282
137291
137293
137296
137300
137302
137303
137313
137314
137318
137319
137330
137331
137333
137337
137341
137345
137353
137354
137368
137370
137379
137386
137387
137391
137394
137395
137403
137409
137412
137417
137423
137439
137446
137451
137455
137477
137488
137489
137495
137499
137500
137501
137508
137510
137511
137515
137517
137519
137520
137526
137528
137530
137531
137532
137534
137544
137547
137548
137552
137564
137571
137573
137575
137579
137592
137597
137607
137613
137619
137623
137625
137632
137634
137643
137649
137652
137655
137662
137664
137686
137701
137702
137706
137711
137713
137716
137726
137729
137736
137756
137771
137781
137788
137789
137790
137793
137794
137798
137800
137801
137804
137810
137814
137817
137822
137844
137850
137852
137858
137860
137878
137881
137882
137894
137906
137934
137936
137942
137943
137945
137948
137949
137965
137972
137976
137979
137982
137985
137991
138011
138020
138034
138036
138046
138049
138050
138057
138059
138061
138062
138072
138073
138078
138087
138097
138101
138103
138104
138106
138114
138120
138128
138144
138148
138154
138162
138177
138181
138184
138188
138190
138191
138193
138196
138214
138219
138228
138232
138240
138247
138254
138263
138268
138272
138291
138296
138315
138320
138323
138324
138339
138353
138359
138368
138374
138375
138383
138390
138392
138399
138401
138421
138422
138423
138424
138439
138443
138444
138447
138463
138467
138474
138480
138505
138524
138533
138542
138551
138563
138567
138599
138601
138609
138613
138633
138639
138641
138666
138671
138673
138675
138681
138683
138690
138694
138698
138701
138714
138716
138718
138719
138720
138723
138727
138728
138732
138734
138740
138743
138755
138756
138765
138768
138785
138791
138794
138795
138800
138802
138804
138809
138810
138812
138816
138819
138824
138841
138845
138852
138853
138855
138856
138868
138871
138873
138879
138888
138894
138921
138929
138930
138935
138950
138953
138956
138960
138962
138967
138971
138972
138973
138978
138998
138999
139008
139026
139029
139038
139042
139046
139047
139048
139049
139050
139062
139067
139076
139085
139088
139089
139102
139115
139117
139118
139119
139128
139130
139133
139148
139149
139150
139153
139161
139162
139163
139172
139173
139174
139180
139184
139186
139193
139195
139198
139200
139212
139224
139225
139232
139234
139236
139237
139244
139246
139249
139259
139260
139261
139265
139269
139285
139290
139301
139302
139303
139304
139309
139312
139315
139322
139333
139337
139342
139351
139353
139366
139373
139389
139398
139407
139423
139428
139437
139438
139446
139448
139462
139466
139470
139479
139483
139485
139491
139493
139494
139495
139498
139514
139515
139520
139522
139530
139539
139553
139559
139562
139569
139571
139584
139589
139596
139605
139607
139608
139613
139614
139623
139628
139657
139665
139674
139677
139692
139706
139728
139730
139737
139738
139745
139758
139780
139781
139787
139790
139793
139798
139801
139814
139815
139816
139819
139825
139830
139833
139854
139857
139889
139895
139900
139903
139910
139919
139920
139935
139936
139939
139944
139946
139949
139950
139954
139964
139965
139967
139972
139982
139983
139996
140000
140004
140006
140011
140013
140025
140037
140041
140049
140053
140070
140075
140088
140092
140096
140101
140104
140118
140127
140135
140139
140155
140156
140161
140163
140169
140172
140173
140174
140181
140185
140189
140192
140199
140212
140217
140219
140239
140245
140246
140266
140269
140276
140282
140302
140303
140304
140322
140332
140341
140354
140382
140385
140387
140408
140418
140420
140421
140423
140425
140444
140456
140472
140473
140474
140478
140480
140483
140485
140493
140498
140499
140505
140506
140508
140511
140517
140531
140533
140538
140541
140547
140550
140552
140555
140558
140561
140563
140564
140576
140578
140580
140589
140590
140596
140607
140620
140621
140626
140627
140633
140636
140644
140645
140646
140658
140661
140663
140664
140666
140667
140677
140680
140683
140684
140694
140699
140702
140708
140709
140711
140714
140720
140735
140742
140754
140756
140766
140777
140786
140787
140794
140795
140801
140803
140818
140831
140832
140833
140838
140854
140856
140864
140869
140887
140894
140897
140904
140905
140907
140912
140924
140931
140935
140945
140961
140968
140980
140987
140989
140995
140997
141003
141008
141015
141028
141033
141040
141041
141047
141050
141062
141066
141068
141071
141077
141079
141081
141085
141088
141089
141095
141100
141101
141114
141116
141122
141129
141134
141135
141144
141148
141159
141170
141177
141178
141180
141184
141186
141193
141196
141218
141221
141225
141232
141236
141249
141269
141275
141282
141290
141294
141295
141301
141302
141306
141307
141312
141317
141324
141330
141335
141337
141349
141353
141378
141381
141386
141393
141395
141405
141407
141418
141420
141428
141431
141435
141448
141450
141459
141467
141469
141478
141479
141482
141485
141495
141502
141503
141507
141510
141529
141535
141538
141540
141548
141549
141564
141570
141576
141577
141578
141581
141585
141588
141597
141602
141608
141626
141636
141640
141642
141644
141645
141673
141678
141684
141689
141691
141694
141696
141701
141709
141710
141717
141721
141723
141728
141731
141732
141734
141736
141750
141757
141762
141769
141773
141774
141796
141801
141803
141805
141812
141815
141824
141843
141844
141866
141869
141875
141879
141882
141884
141885
141886
141894
141912
141921
141923
141926
141933
141944
141949
141952
141957
141958
141960
141963
141966
141968
141974
141976
141985
141989
141992
141999
142007
142020
142021
142024
142036
142047
142051
142055
142058
142062
142066
142067
142069
142076
142078
142079
142084
142103
142105
142107
142110
142115
142133
142152
142161
142162
142164
142176
142178
142185
142191
142193
142197
142198
142204
142212
142221
142227
142236
142241
142243
142245
142249
142253
142255
142259
142267
142278
142287
142295
142299
142300
142301
142303
142305
142309
